{
 "cells": [
  {
   "cell_type": "code",
   "execution_count": 41,
   "metadata": {
    "collapsed": false
   },
   "outputs": [
    {
     "name": "stdout",
     "output_type": "stream",
     "text": [
      "Predictor ZN VIF 2.32509414201\n",
      "Predictor INDUS VIF 3.98775261291\n",
      "Predictor CHAS VIF 1.09432642056\n",
      "Predictor NOX VIF 4.55156308695\n",
      "Predictor RM VIF 2.25811335619\n",
      "Predictor AGE VIF 3.10080148585\n",
      "Predictor DIS VIF 4.28904050513\n",
      "Predictor RAD VIF 7.1588341897\n",
      "Predictor TAX VIF 9.19549498173\n",
      "Predictor PT VIF 1.98448949871\n",
      "Predictor B VIF 1.36974071439\n",
      "Predictor LSTAT VIF 3.56147604631\n",
      "Predictor MV VIF 3.77285632203\n"
     ]
    }
   ],
   "source": [
    "# imports\n",
    "import pandas as pd\n",
    "import matplotlib.pyplot as plt\n",
    "import numpy as np\n",
    "import matplotlib.pyplot as plt\n",
    "import statsmodels.api as sm\n",
    "import statsmodels.formula.api as smf\n",
    "from statsmodels.stats import outliers_influence\n",
    "\n",
    "# this allows plots to appear directly in the notebook\n",
    "%matplotlib inline\n",
    "\n",
    "data = pd.read_csv('Boston.csv', delimiter=\",\")\n",
    "\n",
    "predictors = data.columns\n",
    "Y = 'CRIM'\n",
    "predictors = filter(lambda z: z != Y, predictors)\n",
    "\n",
    "\n",
    "#Get the variance inflation factor\n",
    "for p in predictors:\n",
    "    formu  = str(p) + \" ~ \"\n",
    "    pp = filter(lambda z: z != p, predictors)         \n",
    "    for l in range(len(pp) - 1):\n",
    "        formu += str(pp[l]) + \" + \"\n",
    "    formu = formu + str(pp[l+1])    \n",
    "    # create a fitted model in one line\n",
    "    rsquared = smf.ols(formula=formu, data=data).fit().rsquared\n",
    "    vif      = 1.0/(1.0 - rsquared)\n",
    "   \n",
    "    print(\"Predictor \" + str(p) + \" VIF \" + str(vif)) \n",
    "    "
   ]
  },
  {
   "cell_type": "code",
   "execution_count": 43,
   "metadata": {
    "collapsed": false
   },
   "outputs": [
    {
     "data": {
      "text/html": [
       "<table class=\"simpletable\">\n",
       "<caption>OLS Regression Results</caption>\n",
       "<tr>\n",
       "  <th>Dep. Variable:</th>          <td>CRIM</td>       <th>  R-squared:         </th> <td>   0.454</td>\n",
       "</tr>\n",
       "<tr>\n",
       "  <th>Model:</th>                   <td>OLS</td>       <th>  Adj. R-squared:    </th> <td>   0.440</td>\n",
       "</tr>\n",
       "<tr>\n",
       "  <th>Method:</th>             <td>Least Squares</td>  <th>  F-statistic:       </th> <td>   31.47</td>\n",
       "</tr>\n",
       "<tr>\n",
       "  <th>Date:</th>             <td>Mon, 07 Nov 2016</td> <th>  Prob (F-statistic):</th> <td>1.57e-56</td>\n",
       "</tr>\n",
       "<tr>\n",
       "  <th>Time:</th>                 <td>23:54:44</td>     <th>  Log-Likelihood:    </th> <td> -1653.3</td>\n",
       "</tr>\n",
       "<tr>\n",
       "  <th>No. Observations:</th>      <td>   506</td>      <th>  AIC:               </th> <td>   3335.</td>\n",
       "</tr>\n",
       "<tr>\n",
       "  <th>Df Residuals:</th>          <td>   492</td>      <th>  BIC:               </th> <td>   3394.</td>\n",
       "</tr>\n",
       "<tr>\n",
       "  <th>Df Model:</th>              <td>    13</td>      <th>                     </th>     <td> </td>   \n",
       "</tr>\n",
       "<tr>\n",
       "  <th>Covariance Type:</th>      <td>nonrobust</td>    <th>                     </th>     <td> </td>   \n",
       "</tr>\n",
       "</table>\n",
       "<table class=\"simpletable\">\n",
       "<tr>\n",
       "        <td></td>          <th>coef</th>     <th>std err</th>      <th>t</th>      <th>P>|t|</th> <th>[95.0% Conf. Int.]</th> \n",
       "</tr>\n",
       "<tr>\n",
       "  <th>Intercept</th>    <td>   17.0332</td> <td>    7.235</td> <td>    2.354</td> <td> 0.019</td> <td>    2.818    31.248</td>\n",
       "</tr>\n",
       "<tr>\n",
       "  <th>C(CHAS)[T.1]</th> <td>   -0.7491</td> <td>    1.180</td> <td>   -0.635</td> <td> 0.526</td> <td>   -3.068     1.570</td>\n",
       "</tr>\n",
       "<tr>\n",
       "  <th>ZN</th>           <td>    0.0449</td> <td>    0.019</td> <td>    2.394</td> <td> 0.017</td> <td>    0.008     0.082</td>\n",
       "</tr>\n",
       "<tr>\n",
       "  <th>INDUS</th>        <td>   -0.0639</td> <td>    0.083</td> <td>   -0.766</td> <td> 0.444</td> <td>   -0.228     0.100</td>\n",
       "</tr>\n",
       "<tr>\n",
       "  <th>NOX</th>          <td>  -10.3135</td> <td>    5.276</td> <td>   -1.955</td> <td> 0.051</td> <td>  -20.679     0.052</td>\n",
       "</tr>\n",
       "<tr>\n",
       "  <th>RM</th>           <td>    0.4301</td> <td>    0.613</td> <td>    0.702</td> <td> 0.483</td> <td>   -0.774     1.634</td>\n",
       "</tr>\n",
       "<tr>\n",
       "  <th>AGE</th>          <td>    0.0015</td> <td>    0.018</td> <td>    0.081</td> <td> 0.935</td> <td>   -0.034     0.037</td>\n",
       "</tr>\n",
       "<tr>\n",
       "  <th>DIS</th>          <td>   -0.9872</td> <td>    0.282</td> <td>   -3.503</td> <td> 0.001</td> <td>   -1.541    -0.433</td>\n",
       "</tr>\n",
       "<tr>\n",
       "  <th>RAD</th>          <td>    0.5882</td> <td>    0.088</td> <td>    6.680</td> <td> 0.000</td> <td>    0.415     0.761</td>\n",
       "</tr>\n",
       "<tr>\n",
       "  <th>TAX</th>          <td>   -0.0038</td> <td>    0.005</td> <td>   -0.733</td> <td> 0.464</td> <td>   -0.014     0.006</td>\n",
       "</tr>\n",
       "<tr>\n",
       "  <th>PT</th>           <td>   -0.2711</td> <td>    0.186</td> <td>   -1.454</td> <td> 0.147</td> <td>   -0.637     0.095</td>\n",
       "</tr>\n",
       "<tr>\n",
       "  <th>B</th>            <td>   -0.0075</td> <td>    0.004</td> <td>   -2.052</td> <td> 0.041</td> <td>   -0.015    -0.000</td>\n",
       "</tr>\n",
       "<tr>\n",
       "  <th>LSTAT</th>        <td>    0.1262</td> <td>    0.076</td> <td>    1.667</td> <td> 0.096</td> <td>   -0.023     0.275</td>\n",
       "</tr>\n",
       "<tr>\n",
       "  <th>MV</th>           <td>   -0.1989</td> <td>    0.061</td> <td>   -3.287</td> <td> 0.001</td> <td>   -0.318    -0.080</td>\n",
       "</tr>\n",
       "</table>\n",
       "<table class=\"simpletable\">\n",
       "<tr>\n",
       "  <th>Omnibus:</th>       <td>666.613</td> <th>  Durbin-Watson:     </th> <td>   1.519</td> \n",
       "</tr>\n",
       "<tr>\n",
       "  <th>Prob(Omnibus):</th> <td> 0.000</td>  <th>  Jarque-Bera (JB):  </th> <td>84887.625</td>\n",
       "</tr>\n",
       "<tr>\n",
       "  <th>Skew:</th>          <td> 6.617</td>  <th>  Prob(JB):          </th> <td>    0.00</td> \n",
       "</tr>\n",
       "<tr>\n",
       "  <th>Kurtosis:</th>      <td>65.058</td>  <th>  Cond. No.          </th> <td>1.58e+04</td> \n",
       "</tr>\n",
       "</table>"
      ],
      "text/plain": [
       "<class 'statsmodels.iolib.summary.Summary'>\n",
       "\"\"\"\n",
       "                            OLS Regression Results                            \n",
       "==============================================================================\n",
       "Dep. Variable:                   CRIM   R-squared:                       0.454\n",
       "Model:                            OLS   Adj. R-squared:                  0.440\n",
       "Method:                 Least Squares   F-statistic:                     31.47\n",
       "Date:                Mon, 07 Nov 2016   Prob (F-statistic):           1.57e-56\n",
       "Time:                        23:54:44   Log-Likelihood:                -1653.3\n",
       "No. Observations:                 506   AIC:                             3335.\n",
       "Df Residuals:                     492   BIC:                             3394.\n",
       "Df Model:                          13                                         \n",
       "Covariance Type:            nonrobust                                         \n",
       "================================================================================\n",
       "                   coef    std err          t      P>|t|      [95.0% Conf. Int.]\n",
       "--------------------------------------------------------------------------------\n",
       "Intercept       17.0332      7.235      2.354      0.019         2.818    31.248\n",
       "C(CHAS)[T.1]    -0.7491      1.180     -0.635      0.526        -3.068     1.570\n",
       "ZN               0.0449      0.019      2.394      0.017         0.008     0.082\n",
       "INDUS           -0.0639      0.083     -0.766      0.444        -0.228     0.100\n",
       "NOX            -10.3135      5.276     -1.955      0.051       -20.679     0.052\n",
       "RM               0.4301      0.613      0.702      0.483        -0.774     1.634\n",
       "AGE              0.0015      0.018      0.081      0.935        -0.034     0.037\n",
       "DIS             -0.9872      0.282     -3.503      0.001        -1.541    -0.433\n",
       "RAD              0.5882      0.088      6.680      0.000         0.415     0.761\n",
       "TAX             -0.0038      0.005     -0.733      0.464        -0.014     0.006\n",
       "PT              -0.2711      0.186     -1.454      0.147        -0.637     0.095\n",
       "B               -0.0075      0.004     -2.052      0.041        -0.015    -0.000\n",
       "LSTAT            0.1262      0.076      1.667      0.096        -0.023     0.275\n",
       "MV              -0.1989      0.061     -3.287      0.001        -0.318    -0.080\n",
       "==============================================================================\n",
       "Omnibus:                      666.613   Durbin-Watson:                   1.519\n",
       "Prob(Omnibus):                  0.000   Jarque-Bera (JB):            84887.625\n",
       "Skew:                           6.617   Prob(JB):                         0.00\n",
       "Kurtosis:                      65.058   Cond. No.                     1.58e+04\n",
       "==============================================================================\n",
       "\n",
       "Warnings:\n",
       "[1] Standard Errors assume that the covariance matrix of the errors is correctly specified.\n",
       "[2] The condition number is large, 1.58e+04. This might indicate that there are\n",
       "strong multicollinearity or other numerical problems.\n",
       "\"\"\""
      ]
     },
     "execution_count": 43,
     "metadata": {},
     "output_type": "execute_result"
    }
   ],
   "source": [
    "#Fit a model with all varaibles\n",
    "# create a fitted model in one line\n",
    "lm = smf.ols(formula='CRIM ~ ZN  + INDUS + C(CHAS) + NOX + RM + AGE + DIS + RAD + TAX + PT + B + LSTAT + MV', data=data).fit()\n",
    "\n",
    "# print the coefficients\n",
    "lm.summary()\n",
    "\n"
   ]
  },
  {
   "cell_type": "code",
   "execution_count": 45,
   "metadata": {
    "collapsed": false
   },
   "outputs": [
    {
     "data": {
      "text/html": [
       "<table class=\"simpletable\">\n",
       "<caption>OLS Regression Results</caption>\n",
       "<tr>\n",
       "  <th>Dep. Variable:</th>          <td>CRIM</td>       <th>  R-squared:         </th> <td>   0.404</td>\n",
       "</tr>\n",
       "<tr>\n",
       "  <th>Model:</th>                   <td>OLS</td>       <th>  Adj. R-squared:    </th> <td>   0.390</td>\n",
       "</tr>\n",
       "<tr>\n",
       "  <th>Method:</th>             <td>Least Squares</td>  <th>  F-statistic:       </th> <td>   30.39</td>\n",
       "</tr>\n",
       "<tr>\n",
       "  <th>Date:</th>             <td>Mon, 07 Nov 2016</td> <th>  Prob (F-statistic):</th> <td>7.37e-49</td>\n",
       "</tr>\n",
       "<tr>\n",
       "  <th>Time:</th>                 <td>23:57:30</td>     <th>  Log-Likelihood:    </th> <td> -1675.6</td>\n",
       "</tr>\n",
       "<tr>\n",
       "  <th>No. Observations:</th>      <td>   506</td>      <th>  AIC:               </th> <td>   3375.</td>\n",
       "</tr>\n",
       "<tr>\n",
       "  <th>Df Residuals:</th>          <td>   494</td>      <th>  BIC:               </th> <td>   3426.</td>\n",
       "</tr>\n",
       "<tr>\n",
       "  <th>Df Model:</th>              <td>    11</td>      <th>                     </th>     <td> </td>   \n",
       "</tr>\n",
       "<tr>\n",
       "  <th>Covariance Type:</th>      <td>nonrobust</td>    <th>                     </th>     <td> </td>   \n",
       "</tr>\n",
       "</table>\n",
       "<table class=\"simpletable\">\n",
       "<tr>\n",
       "        <td></td>          <th>coef</th>     <th>std err</th>      <th>t</th>      <th>P>|t|</th> <th>[95.0% Conf. Int.]</th> \n",
       "</tr>\n",
       "<tr>\n",
       "  <th>Intercept</th>    <td>   -1.4570</td> <td>    5.978</td> <td>   -0.244</td> <td> 0.808</td> <td>  -13.203    10.289</td>\n",
       "</tr>\n",
       "<tr>\n",
       "  <th>C(CHAS)[T.1]</th> <td>   -0.2719</td> <td>    1.224</td> <td>   -0.222</td> <td> 0.824</td> <td>   -2.677     2.133</td>\n",
       "</tr>\n",
       "<tr>\n",
       "  <th>ZN</th>           <td>    0.0319</td> <td>    0.019</td> <td>    1.645</td> <td> 0.101</td> <td>   -0.006     0.070</td>\n",
       "</tr>\n",
       "<tr>\n",
       "  <th>INDUS</th>        <td>   -0.2466</td> <td>    0.081</td> <td>   -3.053</td> <td> 0.002</td> <td>   -0.405    -0.088</td>\n",
       "</tr>\n",
       "<tr>\n",
       "  <th>RM</th>           <td>    0.7487</td> <td>    0.637</td> <td>    1.175</td> <td> 0.241</td> <td>   -0.503     2.001</td>\n",
       "</tr>\n",
       "<tr>\n",
       "  <th>AGE</th>          <td>   -0.0118</td> <td>    0.018</td> <td>   -0.654</td> <td> 0.513</td> <td>   -0.047     0.024</td>\n",
       "</tr>\n",
       "<tr>\n",
       "  <th>DIS</th>          <td>   -0.8965</td> <td>    0.278</td> <td>   -3.221</td> <td> 0.001</td> <td>   -1.443    -0.350</td>\n",
       "</tr>\n",
       "<tr>\n",
       "  <th>TAX</th>          <td>    0.0236</td> <td>    0.003</td> <td>    8.036</td> <td> 0.000</td> <td>    0.018     0.029</td>\n",
       "</tr>\n",
       "<tr>\n",
       "  <th>PT</th>           <td>    0.0722</td> <td>    0.178</td> <td>    0.406</td> <td> 0.685</td> <td>   -0.277     0.421</td>\n",
       "</tr>\n",
       "<tr>\n",
       "  <th>B</th>            <td>   -0.0107</td> <td>    0.004</td> <td>   -2.810</td> <td> 0.005</td> <td>   -0.018    -0.003</td>\n",
       "</tr>\n",
       "<tr>\n",
       "  <th>LSTAT</th>        <td>    0.2007</td> <td>    0.078</td> <td>    2.568</td> <td> 0.011</td> <td>    0.047     0.354</td>\n",
       "</tr>\n",
       "<tr>\n",
       "  <th>MV</th>           <td>   -0.1208</td> <td>    0.061</td> <td>   -1.972</td> <td> 0.049</td> <td>   -0.241    -0.000</td>\n",
       "</tr>\n",
       "</table>\n",
       "<table class=\"simpletable\">\n",
       "<tr>\n",
       "  <th>Omnibus:</th>       <td>647.469</td> <th>  Durbin-Watson:     </th> <td>   1.421</td> \n",
       "</tr>\n",
       "<tr>\n",
       "  <th>Prob(Omnibus):</th> <td> 0.000</td>  <th>  Jarque-Bera (JB):  </th> <td>73292.505</td>\n",
       "</tr>\n",
       "<tr>\n",
       "  <th>Skew:</th>          <td> 6.316</td>  <th>  Prob(JB):          </th> <td>    0.00</td> \n",
       "</tr>\n",
       "<tr>\n",
       "  <th>Kurtosis:</th>      <td>60.591</td>  <th>  Cond. No.          </th> <td>1.12e+04</td> \n",
       "</tr>\n",
       "</table>"
      ],
      "text/plain": [
       "<class 'statsmodels.iolib.summary.Summary'>\n",
       "\"\"\"\n",
       "                            OLS Regression Results                            \n",
       "==============================================================================\n",
       "Dep. Variable:                   CRIM   R-squared:                       0.404\n",
       "Model:                            OLS   Adj. R-squared:                  0.390\n",
       "Method:                 Least Squares   F-statistic:                     30.39\n",
       "Date:                Mon, 07 Nov 2016   Prob (F-statistic):           7.37e-49\n",
       "Time:                        23:57:30   Log-Likelihood:                -1675.6\n",
       "No. Observations:                 506   AIC:                             3375.\n",
       "Df Residuals:                     494   BIC:                             3426.\n",
       "Df Model:                          11                                         \n",
       "Covariance Type:            nonrobust                                         \n",
       "================================================================================\n",
       "                   coef    std err          t      P>|t|      [95.0% Conf. Int.]\n",
       "--------------------------------------------------------------------------------\n",
       "Intercept       -1.4570      5.978     -0.244      0.808       -13.203    10.289\n",
       "C(CHAS)[T.1]    -0.2719      1.224     -0.222      0.824        -2.677     2.133\n",
       "ZN               0.0319      0.019      1.645      0.101        -0.006     0.070\n",
       "INDUS           -0.2466      0.081     -3.053      0.002        -0.405    -0.088\n",
       "RM               0.7487      0.637      1.175      0.241        -0.503     2.001\n",
       "AGE             -0.0118      0.018     -0.654      0.513        -0.047     0.024\n",
       "DIS             -0.8965      0.278     -3.221      0.001        -1.443    -0.350\n",
       "TAX              0.0236      0.003      8.036      0.000         0.018     0.029\n",
       "PT               0.0722      0.178      0.406      0.685        -0.277     0.421\n",
       "B               -0.0107      0.004     -2.810      0.005        -0.018    -0.003\n",
       "LSTAT            0.2007      0.078      2.568      0.011         0.047     0.354\n",
       "MV              -0.1208      0.061     -1.972      0.049        -0.241    -0.000\n",
       "==============================================================================\n",
       "Omnibus:                      647.469   Durbin-Watson:                   1.421\n",
       "Prob(Omnibus):                  0.000   Jarque-Bera (JB):            73292.505\n",
       "Skew:                           6.316   Prob(JB):                         0.00\n",
       "Kurtosis:                      60.591   Cond. No.                     1.12e+04\n",
       "==============================================================================\n",
       "\n",
       "Warnings:\n",
       "[1] Standard Errors assume that the covariance matrix of the errors is correctly specified.\n",
       "[2] The condition number is large, 1.12e+04. This might indicate that there are\n",
       "strong multicollinearity or other numerical problems.\n",
       "\"\"\""
      ]
     },
     "execution_count": 45,
     "metadata": {},
     "output_type": "execute_result"
    }
   ],
   "source": [
    "#RAD and tax exhibit multicollineratiry. It turns out they are collinear with each other from the following correlation matrix\n",
    "#Remove NOX as it's moderately correlated.\n",
    "\n",
    "#Taking only one\n",
    "#Fit a model with all varaibles\n",
    "# create a fitted model in one line\n",
    "lm = smf.ols(formula='CRIM ~ ZN  + INDUS + C(CHAS)  + RM + AGE + DIS +  TAX + PT + B + LSTAT + MV', data=data).fit()\n",
    "\n",
    "# print the coefficients\n",
    "lm.summary()\n",
    "\n"
   ]
  },
  {
   "cell_type": "code",
   "execution_count": 42,
   "metadata": {
    "collapsed": false,
    "scrolled": true
   },
   "outputs": [
    {
     "data": {
      "text/html": [
       "<div>\n",
       "<table border=\"1\" class=\"dataframe\">\n",
       "  <thead>\n",
       "    <tr style=\"text-align: right;\">\n",
       "      <th></th>\n",
       "      <th>CRIM</th>\n",
       "      <th>ZN</th>\n",
       "      <th>INDUS</th>\n",
       "      <th>CHAS</th>\n",
       "      <th>NOX</th>\n",
       "      <th>RM</th>\n",
       "      <th>AGE</th>\n",
       "      <th>DIS</th>\n",
       "      <th>RAD</th>\n",
       "      <th>TAX</th>\n",
       "      <th>PT</th>\n",
       "      <th>B</th>\n",
       "      <th>LSTAT</th>\n",
       "      <th>MV</th>\n",
       "    </tr>\n",
       "  </thead>\n",
       "  <tbody>\n",
       "    <tr>\n",
       "      <th>CRIM</th>\n",
       "      <td>1.000000</td>\n",
       "      <td>-0.200469</td>\n",
       "      <td>0.406583</td>\n",
       "      <td>-0.055892</td>\n",
       "      <td>0.420972</td>\n",
       "      <td>-0.219247</td>\n",
       "      <td>0.352734</td>\n",
       "      <td>-0.379670</td>\n",
       "      <td>0.625505</td>\n",
       "      <td>0.582764</td>\n",
       "      <td>0.289946</td>\n",
       "      <td>-0.385064</td>\n",
       "      <td>0.455621</td>\n",
       "      <td>-0.388305</td>\n",
       "    </tr>\n",
       "    <tr>\n",
       "      <th>ZN</th>\n",
       "      <td>-0.200469</td>\n",
       "      <td>1.000000</td>\n",
       "      <td>-0.533828</td>\n",
       "      <td>-0.042697</td>\n",
       "      <td>-0.516604</td>\n",
       "      <td>0.311991</td>\n",
       "      <td>-0.569537</td>\n",
       "      <td>0.664408</td>\n",
       "      <td>-0.311948</td>\n",
       "      <td>-0.314563</td>\n",
       "      <td>-0.391679</td>\n",
       "      <td>0.175520</td>\n",
       "      <td>-0.412995</td>\n",
       "      <td>0.360445</td>\n",
       "    </tr>\n",
       "    <tr>\n",
       "      <th>INDUS</th>\n",
       "      <td>0.406583</td>\n",
       "      <td>-0.533828</td>\n",
       "      <td>1.000000</td>\n",
       "      <td>0.062938</td>\n",
       "      <td>0.763651</td>\n",
       "      <td>-0.391676</td>\n",
       "      <td>0.644779</td>\n",
       "      <td>-0.708027</td>\n",
       "      <td>0.595129</td>\n",
       "      <td>0.720760</td>\n",
       "      <td>0.383248</td>\n",
       "      <td>-0.356977</td>\n",
       "      <td>0.603800</td>\n",
       "      <td>-0.483725</td>\n",
       "    </tr>\n",
       "    <tr>\n",
       "      <th>CHAS</th>\n",
       "      <td>-0.055892</td>\n",
       "      <td>-0.042697</td>\n",
       "      <td>0.062938</td>\n",
       "      <td>1.000000</td>\n",
       "      <td>0.091203</td>\n",
       "      <td>0.091251</td>\n",
       "      <td>0.086518</td>\n",
       "      <td>-0.099176</td>\n",
       "      <td>-0.007368</td>\n",
       "      <td>-0.035587</td>\n",
       "      <td>-0.121515</td>\n",
       "      <td>0.048788</td>\n",
       "      <td>-0.053929</td>\n",
       "      <td>0.175260</td>\n",
       "    </tr>\n",
       "    <tr>\n",
       "      <th>NOX</th>\n",
       "      <td>0.420972</td>\n",
       "      <td>-0.516604</td>\n",
       "      <td>0.763651</td>\n",
       "      <td>0.091203</td>\n",
       "      <td>1.000000</td>\n",
       "      <td>-0.302188</td>\n",
       "      <td>0.731470</td>\n",
       "      <td>-0.769230</td>\n",
       "      <td>0.611441</td>\n",
       "      <td>0.668023</td>\n",
       "      <td>0.188933</td>\n",
       "      <td>-0.380051</td>\n",
       "      <td>0.590879</td>\n",
       "      <td>-0.427321</td>\n",
       "    </tr>\n",
       "    <tr>\n",
       "      <th>RM</th>\n",
       "      <td>-0.219247</td>\n",
       "      <td>0.311991</td>\n",
       "      <td>-0.391676</td>\n",
       "      <td>0.091251</td>\n",
       "      <td>-0.302188</td>\n",
       "      <td>1.000000</td>\n",
       "      <td>-0.240265</td>\n",
       "      <td>0.205246</td>\n",
       "      <td>-0.209847</td>\n",
       "      <td>-0.292048</td>\n",
       "      <td>-0.355501</td>\n",
       "      <td>0.128069</td>\n",
       "      <td>-0.613808</td>\n",
       "      <td>0.695360</td>\n",
       "    </tr>\n",
       "    <tr>\n",
       "      <th>AGE</th>\n",
       "      <td>0.352734</td>\n",
       "      <td>-0.569537</td>\n",
       "      <td>0.644779</td>\n",
       "      <td>0.086518</td>\n",
       "      <td>0.731470</td>\n",
       "      <td>-0.240265</td>\n",
       "      <td>1.000000</td>\n",
       "      <td>-0.747881</td>\n",
       "      <td>0.456022</td>\n",
       "      <td>0.506456</td>\n",
       "      <td>0.261515</td>\n",
       "      <td>-0.273534</td>\n",
       "      <td>0.602339</td>\n",
       "      <td>-0.376955</td>\n",
       "    </tr>\n",
       "    <tr>\n",
       "      <th>DIS</th>\n",
       "      <td>-0.379670</td>\n",
       "      <td>0.664408</td>\n",
       "      <td>-0.708027</td>\n",
       "      <td>-0.099176</td>\n",
       "      <td>-0.769230</td>\n",
       "      <td>0.205246</td>\n",
       "      <td>-0.747881</td>\n",
       "      <td>1.000000</td>\n",
       "      <td>-0.494588</td>\n",
       "      <td>-0.534432</td>\n",
       "      <td>-0.232471</td>\n",
       "      <td>0.291512</td>\n",
       "      <td>-0.496996</td>\n",
       "      <td>0.249929</td>\n",
       "    </tr>\n",
       "    <tr>\n",
       "      <th>RAD</th>\n",
       "      <td>0.625505</td>\n",
       "      <td>-0.311948</td>\n",
       "      <td>0.595129</td>\n",
       "      <td>-0.007368</td>\n",
       "      <td>0.611441</td>\n",
       "      <td>-0.209847</td>\n",
       "      <td>0.456022</td>\n",
       "      <td>-0.494588</td>\n",
       "      <td>1.000000</td>\n",
       "      <td>0.910228</td>\n",
       "      <td>0.464741</td>\n",
       "      <td>-0.444413</td>\n",
       "      <td>0.488676</td>\n",
       "      <td>-0.381626</td>\n",
       "    </tr>\n",
       "    <tr>\n",
       "      <th>TAX</th>\n",
       "      <td>0.582764</td>\n",
       "      <td>-0.314563</td>\n",
       "      <td>0.720760</td>\n",
       "      <td>-0.035587</td>\n",
       "      <td>0.668023</td>\n",
       "      <td>-0.292048</td>\n",
       "      <td>0.506456</td>\n",
       "      <td>-0.534432</td>\n",
       "      <td>0.910228</td>\n",
       "      <td>1.000000</td>\n",
       "      <td>0.460853</td>\n",
       "      <td>-0.441808</td>\n",
       "      <td>0.543993</td>\n",
       "      <td>-0.468536</td>\n",
       "    </tr>\n",
       "    <tr>\n",
       "      <th>PT</th>\n",
       "      <td>0.289946</td>\n",
       "      <td>-0.391679</td>\n",
       "      <td>0.383248</td>\n",
       "      <td>-0.121515</td>\n",
       "      <td>0.188933</td>\n",
       "      <td>-0.355501</td>\n",
       "      <td>0.261515</td>\n",
       "      <td>-0.232471</td>\n",
       "      <td>0.464741</td>\n",
       "      <td>0.460853</td>\n",
       "      <td>1.000000</td>\n",
       "      <td>-0.177383</td>\n",
       "      <td>0.374044</td>\n",
       "      <td>-0.507787</td>\n",
       "    </tr>\n",
       "    <tr>\n",
       "      <th>B</th>\n",
       "      <td>-0.385064</td>\n",
       "      <td>0.175520</td>\n",
       "      <td>-0.356977</td>\n",
       "      <td>0.048788</td>\n",
       "      <td>-0.380051</td>\n",
       "      <td>0.128069</td>\n",
       "      <td>-0.273534</td>\n",
       "      <td>0.291512</td>\n",
       "      <td>-0.444413</td>\n",
       "      <td>-0.441808</td>\n",
       "      <td>-0.177383</td>\n",
       "      <td>1.000000</td>\n",
       "      <td>-0.366087</td>\n",
       "      <td>0.333461</td>\n",
       "    </tr>\n",
       "    <tr>\n",
       "      <th>LSTAT</th>\n",
       "      <td>0.455621</td>\n",
       "      <td>-0.412995</td>\n",
       "      <td>0.603800</td>\n",
       "      <td>-0.053929</td>\n",
       "      <td>0.590879</td>\n",
       "      <td>-0.613808</td>\n",
       "      <td>0.602339</td>\n",
       "      <td>-0.496996</td>\n",
       "      <td>0.488676</td>\n",
       "      <td>0.543993</td>\n",
       "      <td>0.374044</td>\n",
       "      <td>-0.366087</td>\n",
       "      <td>1.000000</td>\n",
       "      <td>-0.737663</td>\n",
       "    </tr>\n",
       "    <tr>\n",
       "      <th>MV</th>\n",
       "      <td>-0.388305</td>\n",
       "      <td>0.360445</td>\n",
       "      <td>-0.483725</td>\n",
       "      <td>0.175260</td>\n",
       "      <td>-0.427321</td>\n",
       "      <td>0.695360</td>\n",
       "      <td>-0.376955</td>\n",
       "      <td>0.249929</td>\n",
       "      <td>-0.381626</td>\n",
       "      <td>-0.468536</td>\n",
       "      <td>-0.507787</td>\n",
       "      <td>0.333461</td>\n",
       "      <td>-0.737663</td>\n",
       "      <td>1.000000</td>\n",
       "    </tr>\n",
       "  </tbody>\n",
       "</table>\n",
       "</div>"
      ],
      "text/plain": [
       "           CRIM        ZN     INDUS      CHAS       NOX        RM       AGE  \\\n",
       "CRIM   1.000000 -0.200469  0.406583 -0.055892  0.420972 -0.219247  0.352734   \n",
       "ZN    -0.200469  1.000000 -0.533828 -0.042697 -0.516604  0.311991 -0.569537   \n",
       "INDUS  0.406583 -0.533828  1.000000  0.062938  0.763651 -0.391676  0.644779   \n",
       "CHAS  -0.055892 -0.042697  0.062938  1.000000  0.091203  0.091251  0.086518   \n",
       "NOX    0.420972 -0.516604  0.763651  0.091203  1.000000 -0.302188  0.731470   \n",
       "RM    -0.219247  0.311991 -0.391676  0.091251 -0.302188  1.000000 -0.240265   \n",
       "AGE    0.352734 -0.569537  0.644779  0.086518  0.731470 -0.240265  1.000000   \n",
       "DIS   -0.379670  0.664408 -0.708027 -0.099176 -0.769230  0.205246 -0.747881   \n",
       "RAD    0.625505 -0.311948  0.595129 -0.007368  0.611441 -0.209847  0.456022   \n",
       "TAX    0.582764 -0.314563  0.720760 -0.035587  0.668023 -0.292048  0.506456   \n",
       "PT     0.289946 -0.391679  0.383248 -0.121515  0.188933 -0.355501  0.261515   \n",
       "B     -0.385064  0.175520 -0.356977  0.048788 -0.380051  0.128069 -0.273534   \n",
       "LSTAT  0.455621 -0.412995  0.603800 -0.053929  0.590879 -0.613808  0.602339   \n",
       "MV    -0.388305  0.360445 -0.483725  0.175260 -0.427321  0.695360 -0.376955   \n",
       "\n",
       "            DIS       RAD       TAX        PT         B     LSTAT        MV  \n",
       "CRIM  -0.379670  0.625505  0.582764  0.289946 -0.385064  0.455621 -0.388305  \n",
       "ZN     0.664408 -0.311948 -0.314563 -0.391679  0.175520 -0.412995  0.360445  \n",
       "INDUS -0.708027  0.595129  0.720760  0.383248 -0.356977  0.603800 -0.483725  \n",
       "CHAS  -0.099176 -0.007368 -0.035587 -0.121515  0.048788 -0.053929  0.175260  \n",
       "NOX   -0.769230  0.611441  0.668023  0.188933 -0.380051  0.590879 -0.427321  \n",
       "RM     0.205246 -0.209847 -0.292048 -0.355501  0.128069 -0.613808  0.695360  \n",
       "AGE   -0.747881  0.456022  0.506456  0.261515 -0.273534  0.602339 -0.376955  \n",
       "DIS    1.000000 -0.494588 -0.534432 -0.232471  0.291512 -0.496996  0.249929  \n",
       "RAD   -0.494588  1.000000  0.910228  0.464741 -0.444413  0.488676 -0.381626  \n",
       "TAX   -0.534432  0.910228  1.000000  0.460853 -0.441808  0.543993 -0.468536  \n",
       "PT    -0.232471  0.464741  0.460853  1.000000 -0.177383  0.374044 -0.507787  \n",
       "B      0.291512 -0.444413 -0.441808 -0.177383  1.000000 -0.366087  0.333461  \n",
       "LSTAT -0.496996  0.488676  0.543993  0.374044 -0.366087  1.000000 -0.737663  \n",
       "MV     0.249929 -0.381626 -0.468536 -0.507787  0.333461 -0.737663  1.000000  "
      ]
     },
     "execution_count": 42,
     "metadata": {},
     "output_type": "execute_result"
    }
   ],
   "source": [
    "\n",
    "data.corr()"
   ]
  },
  {
   "cell_type": "code",
   "execution_count": 125,
   "metadata": {
    "collapsed": false
   },
   "outputs": [
    {
     "data": {
      "text/plain": [
       "Index([u'CRIM', u'ZN', u'INDUS', u'CHAS', u'NOX', u'RM', u'AGE', u'DIS',\n",
       "       u'RAD', u'TAX', u'PT', u'B', u'LSTAT', u'MV'],\n",
       "      dtype='object')"
      ]
     },
     "execution_count": 125,
     "metadata": {},
     "output_type": "execute_result"
    }
   ],
   "source": [
    "data.columns"
   ]
  },
  {
   "cell_type": "code",
   "execution_count": 46,
   "metadata": {
    "collapsed": false
   },
   "outputs": [
    {
     "data": {
